10,286
10,140
10,18
10,88
10,90
10,176
10,226
10,188
11,20
11,6
11,12
11,19
11,30
11,17
9,4
9,6
8,9
8,12
8,14
8,11
8,13
56,4
56,3
56,2
56,1
56,0
55,5
55,4
55,3
55,2
55,1
55,0
54,6
54,5
54,4
54,3
54,2
54,1
54,0
53,4
53,3
53,2
53,1
53,0
51,4
51,3
51,2
51,1
51,0
50,4
50,3
50,2
50,1
50,0
20,3
20,2
20,1
19,3
19,2
19,1
18,3
18,1
14,5
14,4
14,3
14,1
13,1
12,3
13,3
12,2
12,1
11,28
11,25
11,24
11,21
11,14
11,11
11,3
11,2
11,1
10,247
10,205
10,185
10,119
10,89
10,13
10,11
10,3
10,2
10,1
9,7
9,5
9,3
9,2
9,1
8,17
8,10
8,8
8,6
8,5
8,4
8,3
8,2
8,1
3,3
3,2
3,1
